0 0
0.00666667 -4.44464e-05
0.0133333 -0.000133347
0.02 -0.000266716
0.0266667 -0.000444573
0.0333333 -0.000666943
0.04 -0.000933859
0.0466667 -0.00124536
0.0533333 -0.00160148
0.06 -0.00200229
0.0666667 -0.00244782
0.0733333 -0.00293815
0.08 -0.00347334
0.0866667 -0.00405346
0.0933333 -0.0046786
0.1 -0.00534884
0.106667 -0.00606428
0.113333 -0.00682501
0.12 -0.00763114
0.126667 -0.00848277
0.133333 -0.00938004
0.14 -0.0103231
0.146667 -0.011312
0.153333 -0.0123469
0.16 -0.013428
0.166667 -0.0145554
0.173333 -0.0157292
0.18 -0.0169498
0.186667 -0.0182171
0.193333 -0.0195314
0.2 -0.0208929
0.206667 -0.0223017
0.213333 -0.0237581
0.22 -0.0252623
0.226667 -0.0268145
0.233333 -0.0284149
0.24 -0.0300637
0.246667 -0.0317612
0.253333 -0.0335077
0.26 -0.0353033
0.266667 -0.0371484
0.273333 -0.0390431
0.28 -0.0409879
0.286667 -0.042983
0.293333 -0.0450286
0.3 -0.0471251
0.306667 -0.0492728
0.313333 -0.051472
0.32 -0.0537231
0.326667 -0.0560264
0.333333 -0.0583822
0.34 -0.0607909
0.346667 -0.0632529
0.353333 -0.0657686
0.36 -0.0683384
0.366667 -0.0709626
0.373333 -0.0736417
0.38 -0.0763761
0.386667 -0.0791662
0.393333 -0.0820126
0.4 -0.0849156
0.406667 -0.0878757
0.413333 -0.0908934
0.42 -0.0939693
0.426667 -0.0971038
0.433333 -0.100297
0.44 -0.103551
0.446667 -0.106864
0.453333 -0.110239
0.46 -0.113675
0.466667 -0.117173
0.473333 -0.120733
0.48 -0.124357
0.486667 -0.128045
0.493333 -0.131797
0.5 -0.135614
0.506667 -0.139498
0.513333 -0.143448
0.52 -0.147465
0.526667 -0.151551
0.533333 -0.155705
0.54 -0.15993
0.546667 -0.164225
0.553333 -0.168591
0.56 -0.17303
0.566667 -0.177541
0.573333 -0.182127
0.58 -0.186788
0.586667 -0.191525
0.593333 -0.196338
0.6 -0.20123
0.606667 -0.2062
0.613333 -0.211251
0.62 -0.216383
0.626667 -0.221597
0.633333 -0.226895
0.64 -0.232277
0.646667 -0.237745
0.653333 -0.2433
0.66 -0.248944
0.666667 -0.254678
0.673333 -0.260502
0.68 -0.26642
0.686667 -0.272431
0.693333 -0.278538
0.7 -0.284742
0.706667 -0.291045
0.713333 -0.297447
0.72 -0.303952
0.726667 -0.310561
0.733333 -0.317276
0.74 -0.324097
0.746667 -0.331028
0.753333 -0.338071
0.76 -0.345226
0.766667 -0.352497
0.773333 -0.359886
0.78 -0.367395
0.786667 -0.375026
0.793333 -0.382781
0.8 -0.390664
0.806667 -0.398676
0.813333 -0.40682
0.82 -0.415099
0.826667 -0.423517
0.833333 -0.432075
0.84 -0.440777
0.846667 -0.449625
0.853333 -0.458625
0.86 -0.467778
0.866667 -0.477088
0.873333 -0.486559
0.88 -0.496195
0.886667 -0.505999
0.893333 -0.515976
0.9 -0.52613
0.906667 -0.536466
0.913333 -0.546988
0.92 -0.557701
0.926667 -0.56861
0.933333 -0.57972
0.94 -0.591036
0.946667 -0.602565
0.953333 -0.614313
0.96 -0.626285
0.966667 -0.638488
0.973333 -0.65093
0.98 -0.663616
0.986667 -0.676555
0.993333 -0.689755
0 0
0.00666667 0
0.0133333 -4.44444e-05
0.02 -0.000133337
0.0266667 -0.000266688
0.0333333 -0.000444514
0.04 -0.000666835
0.0466667 -0.000933679
0.0533333 -0.00124508
0.06 -0.00160108
0.0666667 -0.00200172
0.0733333 -0.00244706
0.08 -0.00293714
0.0866667 -0.00347204
0.0933333 -0.00405183
0.1 -0.00467658
0.106667 -0.00534637
0.113333 -0.00606129
0.12 -0.00682144
0.126667 -0.00762692
0.133333 -0.00847783
0.14 -0.00937429
0.146667 -0.0103164
0.153333 -0.0113043
0.16 -0.0123382
0.166667 -0.0134181
0.173333 -0.0145442
0.18 -0.0157167
0.186667 -0.0169357
0.193333 -0.0182014
0.2 -0.019514
0.206667 -0.0208736
0.213333 -0.0222804
0.22 -0.0237347
0.226667 -0.0252366
0.233333 -0.0267863
0.24 -0.0283841
0.246667 -0.0300301
0.253333 -0.0317247
0.26 -0.033468
0.266667 -0.0352604
0.273333 -0.037102
0.28 -0.0389931
0.286667 -0.0409339
0.293333 -0.0429249
0.3 -0.0449662
0.306667 -0.0470582
0.313333 -0.0492012
0.32 -0.0513954
0.326667 -0.0536413
0.333333 -0.055939
0.34 -0.0582891
0.346667 -0.0606918
0.353333 -0.0631475
0.36 -0.0656566
0.366667 -0.0682195
0.373333 -0.0708365
0.38 -0.0735081
0.386667 -0.0762347
0.393333 -0.0790167
0.4 -0.0818545
0.406667 -0.0847486
0.413333 -0.0876995
0.42 -0.0907076
0.426667 -0.0937735
0.433333 -0.0968976
0.44 -0.10008
0.446667 -0.103323
0.453333 -0.106624
0.46 -0.109987
0.466667 -0.11341
0.473333 -0.116895
0.48 -0.120441
0.486667 -0.124051
0.493333 -0.127724
0.5 -0.131461
0.506667 -0.135263
0.513333 -0.13913
0.52 -0.143063
0.526667 -0.147063
0.533333 -0.15113
0.54 -0.155266
0.546667 -0.15947
0.553333 -0.163745
0.56 -0.16809
0.566667 -0.172507
0.573333 -0.176996
0.58 -0.181558
0.586667 -0.186194
0.593333 -0.190906
0.6 -0.195694
0.606667 -0.200558
0.613333 -0.205501
0.62 -0.210523
0.626667 -0.215624
0.633333 -0.220808
0.64 -0.226073
0.646667 -0.231422
0.653333 -0.236856
0.66 -0.242375
0.666667 -0.247982
0.673333 -0.253677
0.68 -0.259462
0.686667 -0.265339
0.693333 -0.271308
0.7 -0.27737
0.706667 -0.283529
0.713333 -0.289784
0.72 -0.296138
0.726667 -0.302593
0.733333 -0.309149
0.74 -0.315809
0.746667 -0.322574
0.753333 -0.329447
0.76 -0.336429
0.766667 -0.343522
0.773333 -0.350728
0.78 -0.35805
0.786667 -0.365488
0.793333 -0.373047
0.8 -0.380727
0.806667 -0.388532
0.813333 -0.396463
0.82 -0.404523
0.826667 -0.412715
0.833333 -0.421042
0.84 -0.429506
0.846667 -0.438111
0.853333 -0.446858
0.86 -0.455752
0.866667 -0.464796
0.873333 -0.473992
0.88 -0.483345
0.886667 -0.492858
0.893333 -0.502534
0.9 -0.512378
0.906667 -0.522394
0.913333 -0.532585
0.92 -0.542957
0.926667 -0.553513
0.933333 -0.564258
0.94 -0.575197
0.946667 -0.586336
0.953333 -0.59768
0.96 -0.609234
0.966667 -0.621003
0.973333 -0.632995
0.98 -0.645215
0.986667 -0.65767
0.993333 -0.670367
